0 0.000000
1 0.976562
2 1.953125
3 2.929688
4 3.906250
5 4.882812
6 5.859375
7 6.835938
8 7.812500
9 8.789062
10 9.765625
11 10.742188
12 11.718750
13 12.695312
14 13.671875
15 14.648438
16 15.625000
17 16.601562
18 17.578125
19 18.554688
20 19.531250
21 20.507812
22 21.484375
23 22.460938
24 23.437500
25 24.414062
26 25.390625
27 26.367188
28 27.343750
29 28.320312
30 29.296875
31 30.273438
32 31.250000
33 32.226562
34 33.203125
35 34.179688
36 35.156250
37 36.132812
38 37.109375
39 38.085938
40 39.062500
41 40.039062
42 41.015625
43 41.992188
44 42.968750
45 43.945312
46 44.921875
47 45.898438
48 46.875000
49 47.851562
50 48.828125
51 49.804688
52 50.781250
53 51.757812
54 52.734375
55 53.710938
56 54.687500
57 55.664062
58 56.640625
59 57.617188
60 58.593750
61 59.570312
62 60.546875
63 61.523438
64 62.500000
65 63.476562
66 64.453125
67 65.429688
68 66.406250
69 67.382812
70 68.359375
71 69.335938
72 70.312500
73 71.289062
74 72.265625
75 73.242188
76 74.218750
77 75.195312
78 76.171875
79 77.148438
80 78.125000
81 79.101562
82 80.078125
83 81.054688
84 82.031250
85 83.007812
86 83.984375
87 84.960938
88 85.937500
89 86.914062
90 87.890625
91 88.867188
92 89.843750
93 90.820312
94 91.796875
95 92.773438
96 93.750000
97 94.726562
98 95.703125
99 96.679688
100 97.656250
101 98.632812
102 99.609375
103 100.585938
104 101.562500
105 102.539062
106 103.515625
107 104.492188
108 105.468750
109 106.445312
110 107.421875
111 108.398438
112 109.375000
113 110.351562
114 111.328125
115 112.304688
116 113.281250
117 114.257812
118 115.234375
119 116.210938
120 117.187500
121 118.164062
122 119.140625
123 120.117188
124 121.093750
125 122.070312
126 123.046875
127 124.023438
128 125.000000
129 125.976562
130 126.953125
131 127.929688
132 128.906250
133 129.882812
134 130.859375
135 131.835938
136 132.812500
137 133.789062
138 134.765625
139 135.742188
140 136.718750
141 137.695312
142 138.671875
143 139.648438
144 140.625000
145 141.601562
146 142.578125
147 143.554688
148 144.531250
149 145.507812
150 146.484375
151 147.460938
152 148.437500
153 149.414062
154 150.390625
155 151.367188
156 152.343750
157 153.320312
158 154.296875
159 155.273438
160 156.250000
161 157.226562
162 158.203125
163 159.179688
164 160.156250
165 161.132812
166 162.109375
167 163.085938
168 164.062500
169 165.039062
170 166.015625
171 166.992188
172 167.968750
173 168.945312
174 169.921875
175 170.898438
176 171.875000
177 172.851562
178 173.828125
179 174.804688
180 175.781250
181 176.757812
182 177.734375
183 178.710938
184 179.687500
185 180.664062
186 181.640625
187 182.617188
188 183.593750
189 184.570312
190 185.546875
191 186.523438
192 187.500000
193 188.476562
194 189.453125
195 190.429688
196 191.406250
197 192.382812
198 193.359375
199 194.335938
200 195.312500
201 196.289062
202 197.265625
203 198.242188
204 199.218750
205 200.195312
206 201.171875
207 202.148438
208 203.125000
209 204.101562
210 205.078125
211 206.054688
212 207.031250
213 208.007812
214 208.984375
215 209.960938
216 210.937500
217 211.914062
218 212.890625
219 213.867188
220 214.843750
221 215.820312
222 216.796875
223 217.773438
224 218.750000
225 219.726562
226 220.703125
227 221.679688
228 222.656250
229 223.632812
230 224.609375
231 225.585938
232 226.562500
233 227.539062
234 228.515625
235 229.492188
236 230.468750
237 231.445312
238 232.421875
239 233.398438
240 234.375000
241 235.351562
242 236.328125
243 237.304688
244 238.281250
245 239.257812
246 240.234375
247 241.210938
248 242.187500
249 243.164062
250 244.140625
251 245.117188
252 246.093750
253 247.070312
254 248.046875
255 249.023438
